Random symmetric matrix A
   0.39224    0.69227    0.26255    0.28734    0.74888    0.66699 
   0.69227    0.63007     0.6788    0.76114    0.99736    0.65794 
   0.26255     0.6788    0.97408    0.77647    0.21041    0.54164 
   0.28734    0.76114    0.77647    0.11903    0.71669    0.26996 
   0.74888    0.99736    0.21041    0.71669    0.26826    0.17393 
   0.66699    0.65794    0.54164    0.26996    0.17393    0.80171 
V:
   0.32172  -0.016945    0.73767    -0.2509    0.39198    0.36803 
    0.2901    0.64728   -0.41632     0.1467    0.17961    0.51939 
  -0.21719    0.17152    0.35435    0.15186   -0.77529    0.41679 
   0.45605   -0.68613   -0.21509    0.35994   -0.11127    0.36475 
  -0.72518    -0.1774 0.00048957    0.32593    0.43451     0.3842 
   -0.1769   -0.22155    -0.3327   -0.81036    -0.1088    0.37473 
w: -0.808225 -0.513544 -0.256456 0.597744 0.753606 3.41227 
D:
  -0.80823          0          0          0          0          0 
         0   -0.51354          0          0          0          0 
         0          0   -0.25646          0          0          0 
         0          0          0    0.59774          0          0 
         0          0          0          0    0.75361          0 
         0          0          0          0          0     3.4123 



=====TESTING=====
VDV^T:
   0.39224    0.69227    0.26255    0.28734    0.74888    0.66699 
   0.69227    0.63007     0.6788    0.76114    0.99736    0.65794 
   0.26255     0.6788    0.97408    0.77647    0.21041    0.54164 
   0.28734    0.76114    0.77647    0.11903    0.71669    0.26996 
   0.74888    0.99736    0.21041    0.71669    0.26826    0.17393 
   0.66699    0.65794    0.54164    0.26996    0.17393    0.80171 
Is A == VDV^T? TRUE

V^TAV:
  -0.80823          0          0          0          0          0 
         0   -0.51354          0          0          0          0 
         0          0   -0.25646          0          0          0 
         0          0          0    0.59774          0          0 
         0          0          0          0    0.75361          0 
         0          0          0          0          0     3.4123 
Is D == V^TAV? TRUE

VV^T:
         1          0          0          0          0          0 
         0          1          0          0          0          0 
         0          0          1          0          0          0 
         0          0          0          1          0          0 
         0          0          0          0          1          0 
         0          0          0          0          0          1 
Is VV^T == V^TV? TRUE



===== BUILDING HAMILTONIAN MATRIX =====
-rmax = 10 -dr = 0.3
Epsilon_0 (ground energy): -0.489228
