Random symmetric matrix A
   0.37748    0.61694   0.022601    0.91541    0.16393    0.07739 
   0.61694    0.83691    0.25071   0.071353     0.6033    0.92425 
  0.022601    0.25071   0.064212    0.37659    0.33693    0.40732 
   0.91541   0.071353    0.37659    0.52878    0.26999    0.41429 
   0.16393     0.6033    0.33693    0.26999    0.41922    0.45015 
   0.07739    0.92425    0.40732    0.41429    0.45015    0.54611 
V:
   0.59612   -0.12901   -0.10354   -0.43436    0.54749    0.35898 
   -0.4456   -0.27283   0.023052    -0.5305   -0.36274    0.55988 
   0.14118   -0.77422   0.071601    0.56199  -0.035287    0.24177 
  -0.54013    0.21251    0.11909    0.29485    0.65175    0.37041 
   0.08674    0.26894   -0.81483     0.2813    -0.2035    0.36832 
   0.35622     0.4382    0.55271    0.21912   -0.31818    0.47576 
w: -0.837666 -0.294616 0.0485654 0.335124 0.951104 2.57021 
D:
  -0.83767          0          0          0          0          0 
         0   -0.29462          0          0          0          0 
         0          0   0.048565          0          0          0 
         0          0          0    0.33512          0          0 
         0          0          0          0     0.9511          0 
         0          0          0          0          0     2.5702 



=====TESTING=====
VDV^T:
   0.37748    0.61694   0.022601    0.91541    0.16393    0.07739 
   0.61694    0.83691    0.25071   0.071353     0.6033    0.92425 
  0.022601    0.25071   0.064212    0.37659    0.33693    0.40732 
   0.91541   0.071353    0.37659    0.52878    0.26999    0.41429 
   0.16393     0.6033    0.33693    0.26999    0.41922    0.45015 
   0.07739    0.92425    0.40732    0.41429    0.45015    0.54611 
Is A == VDV^T? TRUE

V^TAV:
  -0.83767          0          0          0          0          0 
         0   -0.29462          0          0          0          0 
         0          0   0.048565          0          0          0 
         0          0          0    0.33512          0          0 
         0          0          0          0     0.9511          0 
         0          0          0          0          0     2.5702 
Is D == V^TAV? TRUE

VV^T:
         1          0          0          0          0          0 
         0          1          0          0          0          0 
         0          0          1          0          0          0 
         0          0          0          1          0          0 
         0          0          0          0          1          0 
         0          0          0          0          0          1 
Is VV^T == V^TV? TRUE



===== BUILDING HAMILTONIAN MATRIX =====
-rmax = 10 -dr = 0.3
Epsilon_0 (ground energy): -0.489228
