Random symmetric matrix A
   0.15048    0.12774    0.45983    0.12931    0.56209    0.98323 
   0.12774  0.0046719    0.77005   0.073673    0.41942    0.30149 
   0.45983    0.77005     0.5435    0.79259     0.9811    0.14426 
   0.12931   0.073673    0.79259    0.81829    0.30543    0.48606 
   0.56209    0.41942     0.9811    0.30543    0.95879    0.12706 
   0.98323    0.30149    0.14426    0.48606    0.12706    0.39799 
V:
  -0.55076    0.48683   -0.13671   -0.38841   -0.41593    0.34221 
  -0.40632   -0.40919    0.74488   -0.11275    0.14893    0.27879 
   0.43186    0.56803    0.30982     0.1437    0.29699     0.5348 
  -0.27524   -0.15073    -0.2191    0.81725   -0.18174    0.39063 
  0.037821   -0.37603   -0.52153   -0.34893    0.43672    0.52222 
   0.51757   -0.32982    0.10237   -0.16164   -0.70205    0.30636 
w: -1.01379 -0.560688 0.0276289 0.659492 0.902311 2.85878 
D:
   -1.0138          0          0          0          0          0 
         0   -0.56069          0          0          0          0 
         0          0   0.027629          0          0          0 
         0          0          0    0.65949          0          0 
         0          0          0          0    0.90231          0 
         0          0          0          0          0     2.8588 



=====TESTING=====
VDV^T:
   0.15048    0.12774    0.45983    0.12931    0.56209    0.98323 
   0.12774  0.0046719    0.77005   0.073673    0.41942    0.30149 
   0.45983    0.77005     0.5435    0.79259     0.9811    0.14426 
   0.12931   0.073673    0.79259    0.81829    0.30543    0.48606 
   0.56209    0.41942     0.9811    0.30543    0.95879    0.12706 
   0.98323    0.30149    0.14426    0.48606    0.12706    0.39799 
Is A == VDV^T? TRUE

V^TAV:
   -1.0138          0          0          0          0          0 
         0   -0.56069          0          0          0          0 
         0          0   0.027629          0          0          0 
         0          0          0    0.65949          0          0 
         0          0          0          0    0.90231          0 
         0          0          0          0          0     2.8588 
Is D == V^TAV? TRUE

VV^T:
         1          0          0          0          0          0 
         0          1          0          0          0          0 
         0          0          1          0          0          0 
         0          0          0          1          0          0 
         0          0          0          0          1          0 
         0          0          0          0          0          1 
Is VV^T == V^TV? TRUE



===== BUILDING HAMILTONIAN MATRIX =====
-rmax = 20 -dr = 0.3
Epsilon_0 (ground energy): -0.489229
