Random symmetric matrix A
   0.51838   0.070713    0.25256    0.50483    0.93067    0.50163 
  0.070713   0.074179    0.67809    0.73492   0.083025    0.92617 
   0.25256    0.67809    0.89244   0.061853    0.12051     0.4783 
   0.50483    0.73492   0.061853    0.95485    0.12665    0.83401 
   0.93067   0.083025    0.12051    0.12665   0.044982    0.62088 
   0.50163    0.92617     0.4783    0.83401    0.62088   0.056279 
V:
  0.081352    0.54866    0.36274   -0.38395    0.51675    0.38252 
  -0.52141    0.50746   -0.40103    0.17742   -0.34121    0.40235 
  0.024287     -0.221    0.37651   -0.50154   -0.66179     0.3454 
  -0.10352   -0.29785    0.45043    0.65109    0.12382    0.50836 
  -0.43547   -0.54787   -0.35027   -0.37783    0.40347     0.2863 
    0.7215  -0.061111   -0.49017   0.053761  -0.021289    0.48175 
w: -1.03478 -0.777213 -0.247305 0.805133 0.975187 2.82008 
D:
   -1.0348          0          0          0          0          0 
         0   -0.77721          0          0          0          0 
         0          0   -0.24731          0          0          0 
         0          0          0    0.80513          0          0 
         0          0          0          0    0.97519          0 
         0          0          0          0          0     2.8201 



=====TESTING=====
VDV^T:
   0.51838   0.070713    0.25256    0.50483    0.93067    0.50163 
  0.070713   0.074179    0.67809    0.73492   0.083025    0.92617 
   0.25256    0.67809    0.89244   0.061853    0.12051     0.4783 
   0.50483    0.73492   0.061853    0.95485    0.12665    0.83401 
   0.93067   0.083025    0.12051    0.12665   0.044982    0.62088 
   0.50163    0.92617     0.4783    0.83401    0.62088   0.056279 
Is A == VDV^T? TRUE

V^TAV:
   -1.0348          0          0          0          0          0 
         0   -0.77721          0          0          0          0 
         0          0   -0.24731          0          0          0 
         0          0          0    0.80513          0          0 
         0          0          0          0    0.97519          0 
         0          0          0          0          0     2.8201 
Is D == V^TAV? TRUE

VV^T:
         1          0          0          0          0          0 
         0          1          0          0          0          0 
         0          0          1          0          0          0 
         0          0          0          1          0          0 
         0          0          0          0          1          0 
         0          0          0          0          0          1 
Is VV^T == V^TV? TRUE
