Random symmetric matrix A
   0.23265    0.18146    0.60054    0.42697    0.45394    0.57476 
   0.18146     0.1342    0.22177    0.78047    0.61208     0.0232 
   0.60054    0.22177   0.087377    0.31221    0.16185    0.18054 
   0.42697    0.78047    0.31221    0.68367    0.52083    0.16483 
   0.45394    0.61208    0.16185    0.52083    0.11677     0.8069 
   0.57476     0.0232    0.18054    0.16483     0.8069     0.9582 
V:
  -0.22827    0.68648  -0.049471     0.5466   -0.11354    0.40315 
  -0.59068  -0.082656    0.53039   -0.25306    0.43134    0.33595 
   0.20096   -0.60313    0.23535    0.68366    0.06744    0.26176 
   0.12983  -0.091592   -0.66689   -0.12178    0.54558    0.46639 
    0.6834    0.22737    0.41817   -0.31072  -0.069706    0.45276 
  -0.27334   -0.31314   -0.20307   -0.24171   -0.70285     0.4833 
w: -0.740092 -0.485629 -0.291951 0.292431 0.971565 2.46654 
D:
  -0.74009          0          0          0          0          0 
         0   -0.48563          0          0          0          0 
         0          0   -0.29195          0          0          0 
         0          0          0    0.29243          0          0 
         0          0          0          0    0.97157          0 
         0          0          0          0          0     2.4665 



=====TESTING=====
VDV^T:
   0.23265    0.18146    0.60054    0.42697    0.45394    0.57476 
   0.18146     0.1342    0.22177    0.78047    0.61208     0.0232 
   0.60054    0.22177   0.087377    0.31221    0.16185    0.18054 
   0.42697    0.78047    0.31221    0.68367    0.52083    0.16483 
   0.45394    0.61208    0.16185    0.52083    0.11677     0.8069 
   0.57476     0.0232    0.18054    0.16483     0.8069     0.9582 
Is A == VDV^T? TRUE

V^TAV:
  -0.74009          0          0          0          0          0 
         0   -0.48563          0          0          0          0 
         0          0   -0.29195          0          0          0 
         0          0          0    0.29243          0          0 
         0          0          0          0    0.97157          0 
         0          0          0          0          0     2.4665 
Is D == V^TAV? TRUE

VV^T:
         1          0          0          0          0          0 
         0          1          0          0          0          0 
         0          0          1          0          0          0 
         0          0          0          1          0          0 
         0          0          0          0          1          0 
         0          0          0          0          0          1 
Is VV^T == V^TV? TRUE



===== BUILDING HAMILTONIAN MATRIX =====
-rmax = 20 -dr = 0.3
Epsilon_0 (ground energy): -0.489229



======== EXERCISE C: TIMING EVD ========
N = 50, time = 0.030978 sec
N = 100, time = 0.271458 sec
N = 150, time = 0.954108 sec
N = 200, time = 2.20895 sec
N = 250, time = 4.338 sec
N = 300, time = 7.80154 sec
N = 350, time = 15.8482 sec
N = 400, time = 18.5229 sec
N = 450, time = 29.5057 sec
N = 500, time = 40.5338 sec
