Random symmetric matrix A
   0.94862    0.32194    0.95853     0.2555    0.65226    0.65398 
   0.32194    0.71525    0.86752    0.70276    0.35964    0.11678 
   0.95853    0.86752    0.45638    0.60921   0.020918    0.32025 
    0.2555    0.70276    0.60921    0.95845    0.22271   0.077445 
   0.65226    0.35964   0.020918    0.22271    0.63111    0.30488 
   0.65398    0.11678    0.32025   0.077445    0.30488    0.25796 
V:
  -0.47725    0.41259   -0.14164    0.23046   -0.50994    0.51845 
   -0.3828   -0.25385    0.66325  -0.070189    0.38606    0.44176 
    0.7128    0.13802    0.13212    0.46231    0.10507    0.48025 
 -0.072981      0.031   -0.66019   -0.25879    0.57166    0.40509 
   0.33331   0.099399    0.15751    -0.8066   -0.34886    0.28617 
  0.034417   -0.85758   -0.24882    0.10321   -0.36248    0.24377 
w: -0.688411 -0.111795 0.161389 0.496491 1.13207 2.97802 
D:
  -0.68841          0          0          0          0          0 
         0   -0.11179          0          0          0          0 
         0          0    0.16139          0          0          0 
         0          0          0    0.49649          0          0 
         0          0          0          0     1.1321          0 
         0          0          0          0          0      2.978 



=====TESTING=====
VDV^T:
   0.94862    0.32194    0.95853     0.2555    0.65226    0.65398 
   0.32194    0.71525    0.86752    0.70276    0.35964    0.11678 
   0.95853    0.86752    0.45638    0.60921   0.020918    0.32025 
    0.2555    0.70276    0.60921    0.95845    0.22271   0.077445 
   0.65226    0.35964   0.020918    0.22271    0.63111    0.30488 
   0.65398    0.11678    0.32025   0.077445    0.30488    0.25796 
Is A == VDV^T? TRUE

V^TAV:
  -0.68841          0          0          0          0          0 
         0   -0.11179          0          0          0          0 
         0          0    0.16139          0          0          0 
         0          0          0    0.49649          0          0 
         0          0          0          0     1.1321          0 
         0          0          0          0          0      2.978 
Is D == V^TAV? TRUE

VV^T:
         1          0          0          0          0          0 
         0          1          0          0          0          0 
         0          0          1          0          0          0 
         0          0          0          1          0          0 
         0          0          0          0          1          0 
         0          0          0          0          0          1 
Is VV^T == V^TV? TRUE



===== BUILDING HAMILTONIAN MATRIX =====
-rmax = 20 -dr = 0.3
Epsilon_0 (ground energy): -0.489229



======== EXERCISE C: TIMING EVD ========
N = 50, time = 0.0261585 sec
N = 100, time = 0.21141 sec
N = 150, time = 0.729633 sec
N = 200, time = 1.74354 sec
N = 250, time = 3.45466 sec
N = 300, time = 5.85104 sec
N = 350, time = 9.62985 sec
N = 400, time = 15.24 sec
N = 450, time = 21.2013 sec
N = 500, time = 29.6313 sec
