sqrt(2) = 1.41421
2^(1/5) = 1.1487
exp(pi) = 23.1407
pi^e = 22.4592
fgamma(1)=1	lngamma(1)=5.55112e-16
fgamma(2)=1	lngamma(2)=5.55112e-16
fgamma(3)=2	lngamma(3)=0.693147
fgamma(4)=6	lngamma(4)=1.79176
fgamma(5)=24	lngamma(5)=3.17805
fgamma(6)=120	lngamma(6)=4.78749
fgamma(7)=720	lngamma(7)=6.57925
fgamma(8)=5040	lngamma(8)=8.52516
fgamma(9)=40320	lngamma(9)=10.6046
