======== TESTING QR CLASS========
Random matrix A:
   0.59309   -0.63313    0.55938 
    0.1937   -0.10833   -0.80005 
 -0.081502   -0.33258   -0.71427 
   0.30178   -0.88718      0.444 
   0.87711   -0.99844    0.98442 
   0.23496    0.22331   -0.98587 
Q:
   0.51788   0.031909   0.079995 
   0.16914    0.12557   -0.55428 
 -0.071168   -0.49518   -0.60277 
   0.26351   -0.64467   -0.10973 
   0.76589  -0.025468    0.19047 
   0.20517    0.56724   -0.52414 
R:
    1.1452    -1.2752     0.8739 
         0    0.85492   -0.59945 
         0          0     1.5743 
R upper triangular: TRUE
Q^T Q = I ?
         1          0          0 
         0          1          0 
         0          0          1 
Is QR = A? TRUE



======== TESTING QR SOLVE ========
Random square matrix B =
  -0.95388   0.049549   -0.20028   -0.90667    0.94751   -0.53446 
  -0.81879    0.23677   -0.23508    0.96646  -0.066474    0.71988 
   0.36062  -0.099001   -0.97347     0.8844    0.12658   -0.22917 
  -0.96807   -0.53821   -0.51795    0.36653    0.21999    0.66639 
  -0.65327   -0.21788   -0.63553    0.51072   -0.14969   -0.58412 
    0.1354   -0.93737    0.68457   -0.10049    -0.2097    0.85332 
Random vector b = 0.454544 -0.346918 0.140888 0.0416685 0.922344 0.689068 
Solving QRx = b: 
x =  -0.317519 -1.37044 1.28614 1.08735 0.776721 -1.36041 
Is Bx = b? TRUE



======== DETERMINANT OF R ========
R:
    1.1452    -1.2752     0.8739 
         0    0.85492   -0.59945 
         0          0     1.5743 
Det. of R: 1.54129



======== INVERSE OF MATRIX ========
Random square matrix B:
  -0.95388   0.049549   -0.20028   -0.90667    0.94751   -0.53446 
  -0.81879    0.23677   -0.23508    0.96646  -0.066474    0.71988 
   0.36062  -0.099001   -0.97347     0.8844    0.12658   -0.22917 
  -0.96807   -0.53821   -0.51795    0.36653    0.21999    0.66639 
  -0.65327   -0.21788   -0.63553    0.51072   -0.14969   -0.58412 
    0.1354   -0.93737    0.68457   -0.10049    -0.2097    0.85332 
Inverse of matrix B:
  -0.12929   -0.28493    0.52553   -0.12275    -0.5019   0.052827 
  -0.24733    0.25077   -0.37652    0.11898   -0.52847   -0.92225 
   0.90791     1.3071    0.24054    -2.0128     0.4428     1.4055 
   0.67423     1.3483    0.88437    -1.6312    0.46153     1.1121 
    1.4715     1.0976     1.2949    -1.4267   -0.45817      1.144 
  -0.53853    -0.2994    -0.2676     1.2222   -0.91437   -0.56504 
B * B_inv = I?
         1          0          0          0          0          0 
         0          1          0          0          0          0 
         0          0          1          0          0          0 
         0          0          0          1          0          0 
         0          0          0          0          1          0 
         0          0          0          0          0          1 
